70
0 422 371 77 456 307 88 274 5 418 243 312 401 107 199 204 183 418 42 403 137 446 123 126 234 470 317 110 201 39 150 424 68 170 498 408 437 154 36 218 201 197 456 293 33 360 308 334 239 263 86 228 396 358 54 42 291 138 213 27 175 123 373 111 284 266 278 327 75 483 
422 0 355 71 112 279 385 197 316 444 92 260 436 268 93 419 2 141 167 367 69 399 247 116 386 496 348 166 333 373 169 405 239 468 215 210 141 166 54 279 173 79 379 305 223 3 98 331 250 487 401 322 330 78 477 181 36 336 46 357 75 259 198 245 19 492 190 34 43 352 
371 355 0 3 95 254 325 282 381 119 461 53 174 465 239 460 98 221 339 69 131 339 278 455 196 125 484 79 155 400 241 297 112 140 399 181 346 467 343 8 257 40 237 410 219 137 448 236 284 439 154 464 13 207 173 239 317 44 28 311 340 329 286 415 173 110 413 28 257 429 
77 71 3 0 350 124 487 283 225 350 278 169 304 373 181 236 93 275 411 168 355 255 269 458 443 218 328 444 106 20 76 340 164 428 229 187 320 23 48 463 165 223 291 242 297 240 279 120 482 2 154 332 287 387 129 58 423 184 214 328 402 432 286 187 498 156 31 430 436 220 
456 112 95 350 0 402 224 62 285 312 186 29 356 51 304 50 345 70 365 111 91 60 57 290 124 378 61 175 291 190 154 109 28 370 188 342 438 439 151 132 357 0 44 346 183 404 235 74 396 338 137 455 68 4 353 343 46 53 450 119 144 457 90 470 173 189 140 98 332 193 
307 279 254 124 402 0 317 152 107 479 440 85 281 437 38 292 330 362 431 33 240 120 419 494 218 382 440 399 404 363 119 179 339 399 21 392 135 221 392 268 484 196 243 88 470 443 188 55 193 213 216 309 100 91 163 260 489 118 45 111 177 325 319 135 158 259 297 4 315 409 
88 385 325 487 224 317 0 282 119 24 60 120 193 169 319 243 57 345 424 0 373 418 2 168 210 26 88 424 75 157 130 125 465 179 227 162 470 44 460 58 59 97 151 187 370 124 24 141 28 105 142 270 329 144 204 359 406 36 244 246 345 358 157 338 267 416 336 187 461 270 
274 197 282 283 62 152 282 0 55 221 82 64 207 235 203 353 434 405 198 137 68 291 52 171 62 76 346 117 499 9 367 475 365 74 345 374 99 303 381 268 62 378 226 97 414 467 384 207 170 32 443 480 66 435 248 445 333 402 315 175 484 191 129 340 467 466 282 205 445 368 
5 316 381 225 285 107 119 55 0 111 404 141 350 318 317 448 5 221 249 387 418 477 189 147 243 122 153 365 57 410 466 172 24 303 35 198 361 163 303 325 47 128 100 253 317 360 408 172 385 414 443 346 92 469 139 119 339 449 409 393 474 359 26 1 271 285 383 405 187 98 
418 444 119 350 312 479 24 221 111 0 29 12 73 56 260 131 445 485 230 327 150 35 235 146 175 337 52 284 416 215 327 258 244 297 400 245 128 447 261 445 307 44 65 129 383 107 442 279 493 242 106 164 167 9 220 152 401 128 284 487 323 2 90 417 244 266 356 230 417 282 
243 92 461 278 186 440 60 82 404 29 0 413 160 222 127 231 494 203 343 5 417 98 323 376 165 21 358 90 127 213 383 347 69 446 227 194 359 328 76 122 76 220 458 73 137 138 113 250 388 379 58 384 408 480 167 52 129 153 101 309 404 148 262 242 215 98 451 451 77 310 
312 260 53 169 29 85 120 64 141 12 413 0 225 402 260 260 241 160 423 334 108 112 477 464 161 232 278 464 45 391 291 411 439 471 158 434 181 326 260 362 140 124 338 155 329 499 74 297 37 374 211 25 42 429 70 37 70 493 108 179 62 283 164 185 9 271 279 99 271 446 
401 436 174 304 356 281 193 207 350 73 160 225 0 494 438 1 129 58 498 188 373 397 19 120 395 200 115 25 170 493 155 369 105 173 33 105 58 499 372 496 50 186 316 205 10 293 265 308 258 178 304 226 328 449 498 12 387 94 124 410 379 269 110 365 319 42 334 356 85 320 
107 268 465 373 51 437 169 235 318 56 222 402 494 0 245 274 490 200 384 91 305 12 409 293 370 362 161 472 499 132 403 469 323 350 247 25 483 207 470 382 71 278 301 194 390 50 44 4 385 28 368 158 371 183 39 140 93 159 324 88 93 361 129 210 482 136 153 103 328 405 
199 93 239 181 304 38 319 203 317 260 127 260 438 245 0 281 10 369 367 454 499 416 365 348 261 191 115 402 410 344 235 134 333 84 237 142 267 82 97 219 423 261 17 183 441 244 130 285 247 314 108 267 233 71 93 50 279 463 160 277 235 393 285 288 320 225 165 61 102 70 
204 419 460 236 50 292 243 353 448 131 231 260 1 274 281 0 148 95 352 415 79 321 91 264 436 176 362 164 25 18 270 97 457 418 203 130 28 226 43 66 425 290 107 214 82 127 31 180 360 449 103 427 227 131 13 316 95 418 13 190 377 448 208 381 98 235 87 232 349 431 
183 2 98 93 345 330 57 434 5 445 494 241 129 490 10 148 0 304 383 377 208 364 494 430 265 452 368 114 444 398 452 352 189 235 493 360 479 486 114 62 39 457 137 395 86 123 91 320 251 184 164 2 61 378 147 482 338 32 306 362 495 179 77 499 285 365 375 47 325 356 
418 141 221 275 70 362 345 405 221 485 203 160 58 200 369 95 304 0 270 191 488 205 88 225 409 489 493 340 90 419 242 216 450 71 144 214 463 206 302 149 41 428 153 37 73 222 406 350 197 89 265 187 418 104 42 352 243 18 132 402 255 76 404 70 74 83 177 295 160 244 
42 167 339 411 365 431 424 198 249 230 343 423 498 384 367 352 383 270 0 225 282 128 69 422 250 161 124 295 179 166 201 375 226 262 313 295 186 338 284 223 163 459 223 262 279 121 366 454 33 105 137 326 314 26 399 122 215 455 74 368 397 305 484 256 109 234 232 26 394 481 
403 367 69 168 111 33 0 137 387 327 5 334 188 91 454 415 377 191 225 0 6 167 290 148 167 356 351 191 120 330 17 80 265 15 136 5 104 268 111 483 194 409 294 156 62 43 80 412 29 13 412 405 253 368 384 76 261 423 492 122 331 405 238 125 240 38 279 297 475 350 
137 69 131 355 91 240 373 68 418 150 417 108 373 305 499 79 208 488 282 6 0 147 232 495 333 167 17 130 183 18 176 480 26 333 392 311 294 92 196 157 387 408 406 341 235 293 20 294 331 140 34 105 482 298 149 243 284 204 15 131 29 273 344 5 259 424 439 82 462 199 
446 399 339 255 60 120 418 291 477 35 98 112 397 12 416 321 364 205 128 167 147 0 200 157 268 223 285 365 373 249 253 215 183 375 215 332 43 491 407 271 142 158 485 193 187 276 66 148 159 42 140 208 306 409 34 131 61 266 152 369 273 26 94 289 245 95 499 394 310 279 
123 247 278 269 57 419 2 52 189 235 323 477 19 409 365 91 494 88 69 290 232 200 0 300 67 248 120 72 279 147 216 301 145 225 126 462 85 276 301 140 499 302 465 182 427 97 375 119 474 361 3 215 212 219 377 423 426 407 357 32 47 115 284 278 425 73 284 202 206 417 
126 116 455 458 290 494 168 171 147 146 376 464 120 293 348 264 430 225 422 148 495 157 300 0 356 209 0 249 311 244 311 116 252 423 383 415 72 193 159 193 62 472 92 419 250 339 239 11 431 388 240 97 441 45 180 223 95 134 60 271 92 230 349 86 307 185 310 91 467 318 
234 386 196 443 124 218 210 62 243 175 165 161 395 370 261 436 265 409 250 167 333 268 67 356 0 205 45 278 341 456 368 58 493 77 354 422 459 435 68 39 479 325 319 153 137 465 140 46 385 309 160 435 442 318 360 79 64 475 2 60 2 468 110 110 388 359 424 300 432 314 
470 496 125 218 378 382 26 76 122 337 21 232 200 362 191 176 452 489 161 356 167 223 248 209 205 0 238 307 416 442 163 193 420 163 252 6 149 93 76 49 38 38 378 63 386 225 342 83 210 421 365 414 62 443 359 291 439 54 425 163 354 203 297 56 161 430 200 85 333 319 
317 348 484 328 61 440 88 346 153 52 358 278 115 161 115 362 368 493 124 351 17 285 120 0 45 238 0 468 129 223 148 497 191 23 47 296 128 407 356 160 383 413 260 395 114 469 9 362 186 203 396 352 196 140 106 119 497 330 191 371 201 242 218 358 344 383 323 374 322 205 
110 166 79 444 175 399 424 117 365 284 90 464 25 472 402 164 114 340 295 191 130 365 72 249 278 307 468 0 176 208 108 475 68 111 74 85 24 277 81 141 437 70 426 246 481 317 70 426 380 441 478 50 49 167 300 233 351 170 450 361 436 379 262 138 402 421 114 83 187 42 
201 333 155 106 291 404 75 499 57 416 127 45 170 499 410 25 444 90 179 120 183 373 279 311 341 416 129 176 0 438 467 346 375 127 438 375 118 15 438 452 234 339 340 382 441 134 389 235 125 333 450 254 91 268 367 235 215 307 326 239 280 496 82 27 66 258 171 468 49 112 
39 373 400 20 190 363 157 9 410 215 213 391 493 132 344 18 398 419 166 330 18 249 147 244 456 442 223 208 438 0 270 369 117 282 102 293 268 78 414 50 413 34 466 105 189 11 461 491 206 464 430 372 104 435 491 463 447 416 440 285 128 18 421 373 481 464 466 237 64 148 
150 169 241 76 154 119 130 367 466 327 383 291 155 403 235 270 452 242 201 17 176 253 216 311 368 163 148 108 467 270 0 481 112 436 198 130 89 455 38 233 202 467 38 468 13 365 288 18 408 214 148 395 42 169 348 340 42 206 232 456 468 250 322 166 34 5 333 451 418 383 
424 405 297 340 109 179 125 475 172 258 347 411 369 469 134 97 352 216 375 80 480 215 301 116 58 193 497 475 346 369 481 0 143 417 220 270 231 187 128 50 77 335 479 38 487 164 413 442 263 283 458 268 225 82 488 190 227 242 29 82 322 281 276 48 159 239 209 233 88 295 
68 239 112 164 28 339 465 365 24 244 69 439 105 323 333 457 189 450 226 265 26 183 145 252 493 420 191 68 375 117 112 143 0 231 68 487 65 347 53 200 311 188 404 138 161 399 257 52 262 197 341 403 228 369 149 310 232 391 475 426 266 284 223 208 341 300 380 189 359 322 
170 468 140 428 370 399 179 74 303 297 446 471 173 350 84 418 235 71 262 15 333 375 225 423 77 163 23 111 127 282 436 417 231 0 334 228 243 159 413 454 489 414 381 437 116 475 89 36 68 190 375 480 415 309 369 82 115 353 428 468 156 207 173 496 382 394 185 109 319 126 
498 215 399 229 188 21 227 345 35 400 227 158 33 247 237 203 493 144 313 136 392 215 126 383 354 252 47 74 438 102 198 220 68 334 0 39 246 117 239 377 442 186 262 200 59 37 400 246 193 193 40 210 380 33 411 400 397 132 155 388 105 264 246 86 264 96 327 49 178 450 
408 210 181 187 342 392 162 374 198 245 194 434 105 25 142 130 360 214 295 5 311 332 462 415 422 6 296 85 375 293 130 270 487 228 39 0 26 240 268 34 323 129 296 440 419 117 9 131 458 124 147 314 260 180 170 286 337 57 100 377 263 264 148 450 153 312 113 60 299 238 
437 141 346 320 438 135 470 99 361 128 359 181 58 483 267 28 479 463 186 104 294 43 85 72 459 149 128 24 118 268 89 231 65 243 246 26 0 493 145 58 196 352 121 126 84 497 488 358 213 427 324 121 94 212 153 385 140 160 115 129 211 226 61 194 26 491 420 18 341 2 
154 166 467 23 439 221 44 303 163 447 328 326 499 207 82 226 486 206 338 268 92 491 276 193 435 93 407 277 15 78 455 187 347 159 117 240 493 0 138 376 239 26 468 12 459 61 406 214 323 426 3 408 352 130 473 388 19 71 458 433 156 383 376 105 29 10 111 173 76 210 
36 54 343 48 151 392 460 381 303 261 76 260 372 470 97 43 114 302 284 111 196 407 301 159 68 76 356 81 438 414 38 128 53 413 239 268 145 138 0 490 230 455 110 72 115 347 146 137 479 120 409 277 236 497 369 454 50 217 340 346 433 205 210 172 98 328 337 47 334 173 
218 279 8 463 132 268 58 268 325 445 122 362 496 382 219 66 62 149 223 483 157 271 140 193 39 49 160 141 452 50 233 50 200 454 377 34 58 376 490 0 362 101 178 185 477 302 274 470 396 304 338 270 176 4 55 373 11 141 407 263 271 355 171 108 104 256 42 51 471 353 
201 173 257 165 357 484 59 62 47 307 76 140 50 71 423 425 39 41 163 194 387 142 499 62 479 38 383 437 234 413 202 77 311 489 442 323 196 239 230 362 0 301 278 463 393 118 126 257 41 145 246 96 460 423 317 144 416 36 461 363 185 431 49 439 313 405 168 123 450 80 
197 79 40 223 0 196 97 378 128 44 220 124 186 278 261 290 457 428 459 409 408 158 302 472 325 38 413 70 339 34 467 335 188 414 186 129 352 26 455 101 301 0 282 238 399 494 372 88 215 140 172 249 318 96 316 303 79 6 183 405 135 163 317 34 397 330 167 75 216 23 
456 379 237 291 44 243 151 226 100 65 458 338 316 301 17 107 137 153 223 294 406 485 465 92 319 378 260 426 340 466 38 479 404 381 262 296 121 468 110 178 278 282 0 123 368 280 402 426 202 196 314 477 390 182 322 151 321 403 307 287 252 490 336 161 179 337 229 449 147 49 
293 305 410 242 346 88 187 97 253 129 73 155 205 194 183 214 395 37 262 156 341 193 182 419 153 63 395 246 382 105 468 38 138 437 200 440 126 12 72 185 463 238 123 0 32 351 445 346 443 281 410 370 313 251 290 139 131 433 349 75 59 295 18 454 82 22 16 188 114 280 
33 223 219 297 183 470 370 414 317 383 137 329 10 390 441 82 86 73 279 62 235 187 427 250 137 386 114 481 441 189 13 487 161 116 59 419 84 459 115 477 393 399 368 32 0 394 407 22 298 283 451 354 34 12 183 91 113 438 42 237 397 14 169 239 89 28 104 366 20 453 
360 3 137 240 404 443 124 467 360 107 138 499 293 50 244 127 123 222 121 43 293 276 97 339 465 225 469 317 134 11 365 164 399 475 37 117 497 61 347 302 118 494 280 351 394 0 460 2 100 309 143 426 195 100 376 390 2 49 295 458 184 292 301 67 184 207 158 466 101 79 
308 98 448 279 235 188 24 384 408 442 113 74 265 44 130 31 91 406 366 80 20 66 375 239 140 342 9 70 389 461 288 413 257 89 400 9 488 406 146 274 126 372 402 445 407 460 0 76 328 316 200 193 217 227 125 88 215 226 320 486 207 278 490 429 429 43 442 234 321 201 
334 331 236 120 74 55 141 207 172 279 250 297 308 4 285 180 320 350 454 412 294 148 119 11 46 83 362 426 235 491 18 442 52 36 246 131 358 214 137 470 257 88 426 346 22 2 76 0 286 153 486 67 314 122 475 83 392 162 456 470 52 428 405 332 107 26 312 41 256 46 
239 250 284 482 396 193 28 170 385 493 388 37 258 385 247 360 251 197 33 29 331 159 474 431 385 210 186 380 125 206 408 263 262 68 193 458 213 323 479 396 41 215 202 443 298 100 328 286 0 21 431 301 150 303 48 94 26 388 348 70 42 82 136 294 452 404 254 218 283 477 
263 487 439 2 338 213 105 32 414 242 379 374 178 28 314 449 184 89 105 13 140 42 361 388 309 421 203 441 333 464 214 283 197 190 193 124 427 426 120 304 145 140 196 281 283 309 316 153 21 0 191 3 124 224 437 274 355 256 178 294 201 88 97 488 397 364 117 186 49 459 
86 401 154 154 137 216 142 443 443 106 58 211 304 368 108 103 164 265 137 412 34 140 3 240 160 365 396 478 450 430 148 458 341 375 40 147 324 3 409 338 246 172 314 410 451 143 200 486 431 191 0 418 457 266 347 23 484 254 483 226 44 363 99 111 218 200 324 236 257 362 
228 322 464 332 455 309 270 480 346 164 384 25 226 158 267 427 2 187 326 405 105 208 215 97 435 414 352 50 254 372 395 268 403 480 210 314 121 408 277 270 96 249 477 370 354 426 193 67 301 3 418 0 183 244 231 340 104 271 373 389 16 126 306 163 206 457 482 415 51 150 
396 330 13 287 68 100 329 66 92 167 408 42 328 371 233 227 61 418 314 253 482 306 212 441 442 62 196 49 91 104 42 225 228 415 380 260 94 352 236 176 460 318 390 313 34 195 217 314 150 124 457 183 0 379 123 246 379 415 442 399 66 360 497 361 52 238 325 75 265 58 
358 78 207 387 4 91 144 435 469 9 480 429 449 183 71 131 378 104 26 368 298 409 219 45 318 443 140 167 268 435 169 82 369 309 33 180 212 130 497 4 423 96 182 251 12 100 227 122 303 224 266 244 379 0 138 441 400 419 413 22 198 320 309 417 475 22 381 324 263 345 
54 477 173 129 353 163 204 248 139 220 167 70 498 39 93 13 147 42 399 384 149 34 377 180 360 359 106 300 367 491 348 488 149 369 411 170 153 473 369 55 317 316 322 290 183 376 125 475 48 437 347 231 123 138 0 496 79 488 414 39 311 79 238 214 483 31 172 150 490 423 
42 181 239 58 343 260 359 445 119 152 52 37 12 140 50 316 482 352 122 76 243 131 423 223 79 291 119 233 235 463 340 190 310 82 400 286 385 388 454 373 144 303 151 139 91 390 88 83 94 274 23 340 246 441 496 0 140 235 267 80 17 370 150 258 1 425 28 329 396 63 
291 36 317 423 46 489 406 333 339 401 129 70 387 93 279 95 338 243 215 261 284 61 426 95 64 439 497 351 215 447 42 227 232 115 397 337 140 19 50 11 416 79 321 131 113 2 215 392 26 355 484 104 379 400 79 140 0 280 280 91 320 181 289 127 459 395 237 427 23 99 
138 336 44 184 53 118 36 402 449 128 153 493 94 159 463 418 32 18 455 423 204 266 407 134 475 54 330 170 307 416 206 242 391 353 132 57 160 71 217 141 36 6 403 433 438 49 226 162 388 256 254 271 415 419 488 235 280 0 457 432 308 26 24 388 295 23 367 336 128 484 
213 46 28 214 450 45 244 315 409 284 101 108 124 324 160 13 306 132 74 492 15 152 357 60 2 425 191 450 326 440 232 29 475 428 155 100 115 458 340 407 461 183 307 349 42 295 320 456 348 178 483 373 442 413 414 267 280 457 0 460 356 7 330 237 193 435 283 353 404 129 
27 357 311 328 119 111 246 175 393 487 309 179 410 88 277 190 362 402 368 122 131 369 32 271 60 163 371 361 239 285 456 82 426 468 388 377 129 433 346 263 363 405 287 75 237 458 486 470 70 294 226 389 399 22 39 80 91 432 460 0 378 414 221 221 449 432 315 430 153 417 
175 75 340 402 144 177 345 484 474 323 404 62 379 93 235 377 495 255 397 331 29 273 47 92 2 354 201 436 280 128 468 322 266 156 105 263 211 156 433 271 185 135 252 59 397 184 207 52 42 201 44 16 66 198 311 17 320 308 356 378 0 359 83 462 327 381 497 351 437 405 
123 259 329 432 457 325 358 191 359 2 148 283 269 361 393 448 179 76 305 405 273 26 115 230 468 203 242 379 496 18 250 281 284 207 264 264 226 383 205 355 431 163 490 295 14 292 278 428 82 88 363 126 360 320 79 370 181 26 7 414 359 0 67 344 82 419 71 409 347 76 
373 198 286 286 90 319 157 129 26 90 262 164 110 129 285 208 77 404 484 238 344 94 284 349 110 297 218 262 82 421 322 276 223 173 246 148 61 376 210 171 49 317 336 18 169 301 490 405 136 97 99 306 497 309 238 150 289 24 330 221 83 67 0 217 370 228 239 347 37 164 
111 245 415 187 470 135 338 340 1 417 242 185 365 210 288 381 499 70 256 125 5 289 278 86 110 56 358 138 27 373 166 48 208 496 86 450 194 105 172 108 439 34 161 454 239 67 429 332 294 488 111 163 361 417 214 258 127 388 237 221 462 344 217 0 187 37 469 212 27 339 
284 19 173 498 173 158 267 467 271 244 215 9 319 482 320 98 285 74 109 240 259 245 425 307 388 161 344 402 66 481 34 159 341 382 264 153 26 29 98 104 313 397 179 82 89 184 429 107 452 397 218 206 52 475 483 1 459 295 193 449 327 82 370 187 0 346 160 212 275 434 
266 492 110 156 189 259 416 466 285 266 98 271 42 136 225 235 365 83 234 38 424 95 73 185 359 430 383 421 258 464 5 239 300 394 96 312 491 10 328 256 405 330 337 22 28 207 43 26 404 364 200 457 238 22 31 425 395 23 435 432 381 419 228 37 346 0 237 183 326 364 
278 190 413 31 140 297 336 282 383 356 451 279 334 153 165 87 375 177 232 279 439 499 284 310 424 200 323 114 171 466 333 209 380 185 327 113 420 111 337 42 168 167 229 16 104 158 442 312 254 117 324 482 325 381 172 28 237 367 283 315 497 71 239 469 160 237 0 210 90 215 
327 34 28 430 98 4 187 205 405 230 451 99 356 103 61 232 47 295 26 297 82 394 202 91 300 85 374 83 468 237 451 233 189 109 49 60 18 173 47 51 123 75 449 188 366 466 234 41 218 186 236 415 75 324 150 329 427 336 353 430 351 409 347 212 212 183 210 0 190 462 
75 43 257 436 332 315 461 445 187 417 77 271 85 328 102 349 325 160 394 475 462 310 206 467 432 333 322 187 49 64 418 88 359 319 178 299 341 76 334 471 450 216 147 114 20 101 321 256 283 49 257 51 265 263 490 396 23 128 404 153 437 347 37 27 275 326 90 190 0 114 
483 352 429 220 193 409 270 368 98 282 310 446 320 405 70 431 356 244 481 350 199 279 417 318 314 319 205 42 112 148 383 295 322 126 450 238 2 210 173 353 80 23 49 280 453 79 201 46 477 459 362 150 58 345 423 63 99 484 129 417 405 76 164 339 434 364 215 462 114 0 
